118765848
118765851
118766164
113713922
114188945
115359767
117004324
117206044
118379923
118397061
118503545
118579249
118731297
118731311
118731313
118733073
118697327
118709824
118709828
118709832
118709915
118709937
118727451
118730853
118732040
118743171
118755116
118755159
118760468
118760472
118760473
118760475
118760478
118760530
118760549
118760568
117981138
117987975
117987990
117992739
117995477
118007378
118097110
118488942
118754484
118755024
118756615
118757263
118757274
118760224
118760229
118760234
118760237
118760244
118762887
118762930
118595812
118640023
118684931
118703249
118731851
118732158
118618283
118618289
118625412
118626659
118634483
118667354
118672834
118679621
118684820
118690466
118697729
118702991
118709066
118715290
118731634
118732299
118640105
118646509
118650392
118655669
118748937
118754608
118754613
118754620
118755525
118760182
118755734
118760661
118765735
118644600
118647664
118674507
118710666
118712986
118732975
118723875
118725984
118731395
